{
    "73235664": [
        [
            6.682679484699013e-05,
            0.9999999977670897,
            0.0,
            0.0,
            -0.9999999977670897,
            6.682679484699013e-05,
            0.0,
            0.0,
            0.0,
            0.0,
            1.0,
            0.0,
            4.999999988835448,
            -0.00033413397423464453,
            0.0,
            1.0
        ],
        [
            0.00020398969337429577,
            0.9999999791941023,
            0.0,
            0.0,
            -0.9999999791941023,
            0.00020398969337429577,
            0.0,
            0.0,
            0.0,
            0.0,
            1.0,
            0.0,
            4.999999895970512,
            -0.0010199484668711727,
            0.0,
            1.0
        ],
        [
            0.0006154783573357051,
            0.9999998105931779,
            0.0,
            0.0,
            -0.9999998105931779,
            0.0006154783573357051,
            0.0,
            0.0,
            0.0,
            0.0,
            1.0,
            0.0,
            4.999999052965889,
            -0.003077391786678219,
            0.0,
            1.0
        ],
        [
            0.001301292638653277,
            0.9999991533183759,
            0.0,
            0.0,
            -0.9999991533183759,
            0.001301292638653277,
            0.0,
            0.0,
            0.0,
            0.0,
            1.0,
            0.0,
            4.999995766591879,
            -0.00650646319326608,
            0.0,
            1.0
        ],
        [
            0.0022614319808018737,
            0.9999974429594288,
            0.0,
            0.0,
            -0.9999974429594288,
            0.0022614319808018737,
            0.0,
            0.0,
            0.0,
            0.0,
            1.0,
            0.0,
            4.9999872147971445,
            -0.011307159904009063,
            0.0,
            1.0
        ],
        [
            0.0034958949412742246,
            0.9999938893406097,
            0.0,
            0.0,
            -0.9999938893406097,
            0.0034958949412742246,
            0.0,
            0.0,
            0.0,
            0.0,
            1.0,
            0.0,
            4.999969446703049,
            -0.017479474706370818,
            0.0,
            1.0
        ],
        [
            0.005004678567059908,
            0.9999874765178014,
            0.0,
            0.0,
            -0.9999874765178014,
            0.005004678567059908,
            0.0,
            0.0,
            0.0,
            0.0,
            1.0,
            0.0,
            4.999937382589007,
            -0.02502339283529923,
            0.0,
            1.0
        ],
        [
            0.006787777562149883,
            0.9999769627725265,
            0.0,
            0.0,
            -0.9999769627725265,
            0.006787777562149883,
            0.0,
            0.0,
            0.0,
            0.0,
            1.0,
            0.0,
            4.999884813862632,
            -0.03393888781074911,
            0.0,
            1.0
        ],
        [
            0.0088451832978988,
            0.9999608806010496,
            0.0,
            0.0,
            -0.9999608806010496,
            0.0088451832978988,
            0.0,
            0.0,
            0.0,
            0.0,
            1.0,
            0.0,
            4.999804403005248,
            -0.0442259164894937,
            0.0,
            1.0
        ],
        [
            0.011176882796412869,
            0.9999375366946454,
            0.0,
            0.0,
            -0.9999375366946454,
            0.011176882796412869,
            0.0,
            0.0,
            0.0,
            0.0,
            1.0,
            0.0,
            4.999687683473227,
            -0.05588441398206404,
            0.0,
            1.0
        ],
        [
            0.013782857599146379,
            0.9999050119068319,
            0.0,
            0.0,
            -0.9999050119068319,
            0.013782857599146379,
            0.0,
            0.0,
            0.0,
            0.0,
            1.0,
            0.0,
            4.999525059534159,
            -0.0689142879957316,
            0.0,
            1.0
        ],
        [
            0.01666308074325319,
            0.9998611612319701,
            0.0,
            0.0,
            -0.9998611612319701,
            0.01666308074325319,
            0.0,
            0.0,
            0.0,
            0.0,
            1.0,
            0.0,
            4.9993058061598505,
            -0.08331540371626563,
            0.0,
            1.0
        ],
        [
            0.019817516469497778,
            0.9998036137367083,
            0.0,
            0.0,
            -0.9998036137367083,
            0.019817516469497778,
            0.0,
            0.0,
            0.0,
            0.0,
            1.0,
            0.0,
            4.999018068683542,
            -0.09908758234748857,
            0.0,
            1.0
        ],
        [
            0.023246119470218596,
            0.9997297724533246,
            0.0,
            0.0,
            -0.9997297724533246,
            0.023246119470218596,
            0.0,
            0.0,
            0.0,
            0.0,
            1.0,
            0.0,
            4.998648862266623,
            -0.11623059735109267,
            0.0,
            1.0
        ],
        [
            0.026948830886869737,
            0.999636814304991,
            0.0,
            0.0,
            -0.999636814304991,
            0.026948830886869737,
            0.0,
            0.0,
            0.0,
            0.0,
            1.0,
            0.0,
            4.998184071524955,
            -0.13474415443434837,
            0.0,
            1.0
        ],
        [
            0.03092557773609817,
            0.999521689930583,
            0.0,
            0.0,
            -0.999521689930583,
            0.03092557773609817,
            0.0,
            0.0,
            0.0,
            0.0,
            1.0,
            0.0,
            4.997608449652915,
            -0.15462788868049054,
            0.0,
            1.0
        ],
        [
            0.03517626997884716,
            0.9993811235111334,
            0.0,
            0.0,
            -0.9993811235111334,
            0.03517626997884716,
            0.0,
            0.0,
            0.0,
            0.0,
            1.0,
            0.0,
            4.996905617555667,
            -0.17588134989423548,
            0.0,
            1.0
        ],
        [
            0.03970079766680136,
            0.9992116125549281,
            0.0,
            0.0,
            -0.9992116125549281,
            0.03970079766680136,
            0.0,
            0.0,
            0.0,
            0.0,
            1.0,
            0.0,
            4.99605806277464,
            -0.19850398833400648,
            0.0,
            1.0
        ],
        [
            0.04449903094521601,
            0.999009427505535,
            0.0,
            0.0,
            -0.999009427505535,
            0.04449903094521601,
            0.0,
            0.0,
            0.0,
            0.0,
            1.0,
            0.0,
            4.995047137527675,
            -0.22249515472607975,
            0.0,
            1.0
        ],
        [
            0.049570814858582356,
            0.9987706114590358,
            0.0,
            0.0,
            -0.9987706114590358,
            0.049570814858582356,
            0.0,
            0.0,
            0.0,
            0.0,
            1.0,
            0.0,
            4.993853057295179,
            -0.24785407429291145,
            0.0,
            1.0
        ],
        [
            0.05491596768588619,
            0.9984909796753914,
            0.0,
            0.0,
            -0.9984909796753914,
            0.05491596768588619,
            0.0,
            0.0,
            0.0,
            0.0,
            1.0,
            0.0,
            4.992454898376957,
            -0.2745798384294306,
            0.0,
            1.0
        ],
        [
            0.0605342806507741,
            0.9981661188730527,
            0.0,
            0.0,
            -0.9981661188730527,
            0.0605342806507741,
            0.0,
            0.0,
            0.0,
            0.0,
            1.0,
            0.0,
            4.9908305943652636,
            -0.30267140325387015,
            0.0,
            1.0
        ],
        [
            0.06642551116530682,
            0.9977913867469631,
            0.0,
            0.0,
            -0.9977913867469631,
            0.06642551116530682,
            0.0,
            0.0,
            0.0,
            0.0,
            1.0,
            0.0,
            4.988956933734816,
            -0.3321275558265338,
            0.0,
            1.0
        ],
        [
            0.07258938354579814,
            0.9973619109412797,
            0.0,
            0.0,
            -0.9973619109412797,
            0.07258938354579814,
            0.0,
            0.0,
            0.0,
            0.0,
            1.0,
            0.0,
            4.986809554706398,
            -0.3629469177289904,
            0.0,
            1.0
        ],
        [
            0.07902558579323637,
            0.9968725880422411,
            0.0,
            0.0,
            -0.9968725880422411,
            0.07902558579323637,
            0.0,
            0.0,
            0.0,
            0.0,
            1.0,
            0.0,
            4.984362940211206,
            -0.3951279289661816,
            0.0,
            1.0
        ],
        [
            0.0857337639871866,
            0.9963180825984187,
            0.0,
            0.0,
            -0.9963180825984187,
            0.0857337639871866,
            0.0,
            0.0,
            0.0,
            0.0,
            1.0,
            0.0,
            4.981590412992094,
            -0.42866881993593275,
            0.0,
            1.0
        ],
        [
            0.09271352454928501,
            0.9956928253059019,
            0.0,
            0.0,
            -0.9956928253059019,
            0.09271352454928501,
            0.0,
            0.0,
            0.0,
            0.0,
            1.0,
            0.0,
            4.978464126529509,
            -0.46356762274642477,
            0.0,
            1.0
        ],
        [
            0.09996442757266626,
            0.994991011627778,
            0.0,
            0.0,
            -0.994991011627778,
            0.09996442757266626,
            0.0,
            0.0,
            0.0,
            0.0,
            1.0,
            0.0,
            4.974955058138891,
            -0.499822137863331,
            0.0,
            1.0
        ],
        [
            0.10748598391782295,
            0.9942065998881809,
            0.0,
            0.0,
            -0.9942065998881809,
            0.10748598391782295,
            0.0,
            0.0,
            0.0,
            0.0,
            1.0,
            0.0,
            4.971032999440904,
            -0.5374299195891145,
            0.0,
            1.0
        ],
        [
            0.11527765750704422,
            0.9933333084517445,
            0.0,
            0.0,
            -0.9933333084517445,
            0.11527765750704422,
            0.0,
            0.0,
            0.0,
            0.0,
            1.0,
            0.0,
            4.966666542258722,
            -0.5763882875352209,
            0.0,
            1.0
        ],
        [
            0.12333885590704906,
            0.9923646137501781,
            0.0,
            0.0,
            -0.9923646137501781,
            0.12333885590704906,
            0.0,
            0.0,
            0.0,
            0.0,
            1.0,
            0.0,
            4.961823068750891,
            -0.616694279535245,
            0.0,
            1.0
        ],
        [
            0.13166893153634057,
            0.9912937468117503,
            0.0,
            0.0,
            -0.9912937468117503,
            0.13166893153634057,
            0.0,
            0.0,
            0.0,
            0.0,
            1.0,
            0.0,
            4.956468734058752,
            -0.6583446576817026,
            0.0,
            1.0
        ],
        [
            0.14026718089616738,
            0.9901136894132118,
            0.0,
            0.0,
            -0.9901136894132118,
            0.14026718089616738,
            0.0,
            0.0,
            0.0,
            0.0,
            1.0,
            0.0,
            4.9505684470660585,
            -0.7013359044808366,
            0.0,
            1.0
        ],
        [
            0.1491328351171366,
            0.988817170911754,
            0.0,
            0.0,
            -0.988817170911754,
            0.1491328351171366,
            0.0,
            0.0,
            0.0,
            0.0,
            1.0,
            0.0,
            4.94408585455877,
            -0.7456641755856828,
            0.0,
            1.0
        ],
        [
            0.15826506421288702,
            0.9873966626689047,
            0.0,
            0.0,
            -0.9873966626689047,
            0.15826506421288702,
            0.0,
            0.0,
            0.0,
            0.0,
            1.0,
            0.0,
            4.936983313344523,
            -0.7913253210644349,
            0.0,
            1.0
        ],
        [
            0.16766297271684721,
            0.985844372900586,
            0.0,
            0.0,
            -0.985844372900586,
            0.16766297271684721,
            0.0,
            0.0,
            0.0,
            0.0,
            1.0,
            0.0,
            4.92922186450293,
            -0.8383148635842358,
            0.0,
            1.0
        ],
        [
            0.17732559563596434,
            0.9841522408308333,
            0.0,
            0.0,
            -0.9841522408308333,
            0.17732559563596434,
            0.0,
            0.0,
            0.0,
            0.0,
            1.0,
            0.0,
            4.920761204154166,
            -0.8866279781798214,
            0.0,
            1.0
        ],
        [
            0.18725189625199978,
            0.9823119297606185,
            0.0,
            0.0,
            -0.9823119297606185,
            0.18725189625199978,
            0.0,
            0.0,
            0.0,
            0.0,
            1.0,
            0.0,
            4.911559648803093,
            -0.9362594812599987,
            0.0,
            1.0
        ],
        [
            0.19744076236628968,
            0.9803148195127004,
            0.0,
            0.0,
            -0.9803148195127004,
            0.19744076236628968,
            0.0,
            0.0,
            0.0,
            0.0,
            1.0,
            0.0,
            4.901574097563502,
            -0.9872038118314481,
            0.0,
            1.0
        ],
        [
            0.20789100703548702,
            0.9781519969788801,
            0.0,
            0.0,
            -0.9781519969788801,
            0.20789100703548702,
            0.0,
            0.0,
            0.0,
            0.0,
            1.0,
            0.0,
            4.890759984894401,
            -1.0394550351774348,
            0.0,
            1.0
        ],
        [
            0.21860136048114,
            0.9758142472805953,
            0.0,
            0.0,
            -0.9758142472805953,
            0.21860136048114,
            0.0,
            0.0,
            0.0,
            0.0,
            1.0,
            0.0,
            4.879071236402977,
            -1.0930068024056998,
            0.0,
            1.0
        ],
        [
            0.22957047244129897,
            0.9732920415697843,
            0.0,
            0.0,
            -0.9732920415697843,
            0.22957047244129897,
            0.0,
            0.0,
            0.0,
            0.0,
            1.0,
            0.0,
            4.866460207848922,
            -1.1478523622064944,
            0.0,
            1.0
        ],
        [
            0.24079690282378605,
            0.9705755259589396,
            0.0,
            0.0,
            -0.9705755259589396,
            0.24079690282378605,
            0.0,
            0.0,
            0.0,
            0.0,
            1.0,
            0.0,
            4.852877629794698,
            -1.20398451411893,
            0.0,
            1.0
        ],
        [
            0.2522791237050878,
            0.9676545063929548,
            0.0,
            0.0,
            -0.9676545063929548,
            0.2522791237050878,
            0.0,
            0.0,
            0.0,
            0.0,
            1.0,
            0.0,
            4.838272531964774,
            -1.2613956185254387,
            0.0,
            1.0
        ],
        [
            0.26401550965421144,
            0.9645184345890062,
            0.0,
            0.0,
            -0.9645184345890062,
            0.26401550965421144,
            0.0,
            0.0,
            0.0,
            0.0,
            1.0,
            0.0,
            4.822592172945031,
            -1.320077548271057,
            0.0,
            1.0
        ],
        [
            0.27600433703147387,
            0.9611563899490116,
            0.0,
            0.0,
            -0.9611563899490116,
            0.27600433703147387,
            0.0,
            0.0,
            0.0,
            0.0,
            1.0,
            0.0,
            4.805781949745058,
            -1.380021685157369,
            0.0,
            1.0
        ],
        [
            0.2882437758485032,
            0.9575570613204196,
            0.0,
            0.0,
            -0.9575570613204196,
            0.2882437758485032,
            0.0,
            0.0,
            0.0,
            0.0,
            1.0,
            0.0,
            4.787785306602098,
            -1.4412188792425158,
            0.0,
            1.0
        ],
        [
            0.3007318842468298,
            0.9537087258683079,
            0.0,
            0.0,
            -0.9537087258683079,
            0.3007318842468298,
            0.0,
            0.0,
            0.0,
            0.0,
            1.0,
            0.0,
            4.76854362934154,
            -1.5036594212341488,
            0.0,
            1.0
        ],
        [
            0.3134666018516993,
            0.9495992257387051,
            0.0,
            0.0,
            -0.9495992257387051,
            0.3134666018516993,
            0.0,
            0.0,
            0.0,
            0.0,
            1.0,
            0.0,
            4.747996128693526,
            -1.567333009258496,
            0.0,
            1.0
        ],
        [
            0.32644573488346884,
            0.9452159447324151,
            0.0,
            0.0,
            -0.9452159447324151,
            0.32644573488346884,
            0.0,
            0.0,
            0.0,
            0.0,
            1.0,
            0.0,
            4.7260797236620755,
            -1.632228674417344,
            0.0,
            1.0
        ],
        [
            0.33966695279164344,
            0.9405457783549078,
            0.0,
            0.0,
            -0.9405457783549078,
            0.33966695279164344,
            0.0,
            0.0,
            0.0,
            0.0,
            1.0,
            0.0,
            4.702728891774539,
            -1.698334763958217,
            0.0,
            1.0
        ],
        [
            0.3531277746406311,
            0.9355751037609731,
            0.0,
            0.0,
            -0.9355751037609731,
            0.3531277746406311,
            0.0,
            0.0,
            0.0,
            0.0,
            1.0,
            0.0,
            4.677875518804865,
            -1.7656388732031552,
            0.0,
            1.0
        ],
        [
            0.3668255539392381,
            0.9302897467870809,
            0.0,
            0.0,
            -0.9302897467870809,
            0.3668255539392381,
            0.0,
            0.0,
            0.0,
            0.0,
            1.0,
            0.0,
            4.651448733935404,
            -1.8341277696961902,
            0.0,
            1.0
        ],
        [
            0.38075745496137986,
            0.9246749485583206,
            0.0,
            0.0,
            -0.9246749485583206,
            0.38075745496137986,
            0.0,
            0.0,
            0.0,
            0.0,
            1.0,
            0.0,
            4.6233747427916025,
            -1.903787274806899,
            0.0,
            1.0
        ],
        [
            0.3949204330094781,
            0.9187153267425151,
            0.0,
            0.0,
            -0.9187153267425151,
            0.3949204330094781,
            0.0,
            0.0,
            0.0,
            0.0,
            1.0,
            0.0,
            4.593576633712575,
            -1.9746021650473902,
            0.0,
            1.0
        ],
        [
            0.40931121222079914,
            0.9123948331453549,
            0.0,
            0.0,
            -0.9123948331453549,
            0.40931121222079914,
            0.0,
            0.0,
            0.0,
            0.0,
            1.0,
            0.0,
            4.561974165726774,
            -2.0465560611039955,
            0.0,
            1.0
        ],
        [
            0.4239262533322356,
            0.9056967106795151,
            0.0,
            0.0,
            -0.9056967106795151,
            0.4239262533322356,
            0.0,
            0.0,
            0.0,
            0.0,
            1.0,
            0.0,
            4.528483553397575,
            -2.1196312666611776,
            0.0,
            1.0
        ],
        [
            0.43876171291302596,
            0.8986034494044787,
            0.0,
            0.0,
            -0.8986034494044787,
            0.43876171291302596,
            0.0,
            0.0,
            0.0,
            0.0,
            1.0,
            0.0,
            4.493017247022394,
            -2.1938085645651295,
            0.0,
            1.0
        ],
        [
            0.4538134002587336,
            0.8910967387133714,
            0.0,
            0.0,
            -0.8910967387133714,
            0.4538134002587336,
            0.0,
            0.0,
            0.0,
            0.0,
            1.0,
            0.0,
            4.4554836935668565,
            -2.269067001293668,
            0.0,
            1.0
        ],
        [
            0.46907672268261935,
            0.8831574198506928,
            0.0,
            0.0,
            -0.8831574198506928,
            0.46907672268261935,
            0.0,
            0.0,
            0.0,
            0.0,
            1.0,
            0.0,
            4.415787099253464,
            -2.3453836134130963,
            0.0,
            1.0
        ],
        [
            0.4845466201228793,
            0.8747654388048799,
            0.0,
            0.0,
            -0.8747654388048799,
            0.4845466201228793,
            0.0,
            0.0,
            0.0,
            0.0,
            1.0,
            0.0,
            4.3738271940244,
            -2.4227331006143964,
            0.0,
            1.0
        ],
        [
            0.5002174851847103,
            0.8658998022378133,
            0.0,
            0.0,
            -0.8658998022378133,
            0.5002174851847103,
            0.0,
            0.0,
            0.0,
            0.0,
            1.0,
            0.0,
            4.329499011189066,
            -2.5010874259235516,
            0.0,
            1.0
        ],
        [
            0.5160830698994013,
            0.8565385367648146,
            0.0,
            0.0,
            -0.8565385367648146,
            0.5160830698994013,
            0.0,
            0.0,
            0.0,
            0.0,
            1.0,
            0.0,
            4.282692683824073,
            -2.580415349497007,
            0.0,
            1.0
        ],
        [
            0.5321363711232764,
            0.8466586576228643,
            0.0,
            0.0,
            -0.8466586576228643,
            0.5321363711232764,
            0.0,
            0.0,
            0.0,
            0.0,
            1.0,
            0.0,
            4.2332932881143215,
            -2.660681855616382,
            0.0,
            1.0
        ],
        [
            0.5483694939191611,
            0.8362361497441038,
            0.0,
            0.0,
            -0.8362361497441038,
            0.5483694939191611,
            0.0,
            0.0,
            0.0,
            0.0,
            1.0,
            0.0,
            4.181180748720519,
            -2.7418474695958057,
            0.0,
            1.0
        ],
        [
            0.5647734871583523,
            0.8252459683045985,
            0.0,
            0.0,
            -0.8252459683045985,
            0.5647734871583523,
            0.0,
            0.0,
            0.0,
            0.0,
            1.0,
            0.0,
            4.126229841522992,
            -2.8238674357917617,
            0.0,
            1.0
        ],
        [
            0.5813381474339773,
            0.8136620664244041,
            0.0,
            0.0,
            -0.8136620664244041,
            0.5813381474339773,
            0.0,
            0.0,
            0.0,
            0.0,
            1.0,
            0.0,
            4.068310332122021,
            -2.9066907371698862,
            0.0,
            1.0
        ],
        [
            0.5980517861709101,
            0.8014574605415961,
            0.0,
            0.0,
            -0.8014574605415961,
            0.5980517861709101,
            0.0,
            0.0,
            0.0,
            0.0,
            1.0,
            0.0,
            4.00728730270798,
            -2.9902589308545506,
            0.0,
            1.0
        ],
        [
            0.614900952158586,
            0.7886043488559167,
            0.0,
            0.0,
            -0.7886043488559167,
            0.614900952158586,
            0.0,
            0.0,
            0.0,
            0.0,
            1.0,
            0.0,
            3.9430217442795836,
            -3.07450476079293,
            0.0,
            1.0
        ],
        [
            0.6318701058471361,
            0.7750742992363565,
            0.0,
            0.0,
            -0.7750742992363565,
            0.6318701058471361,
            0.0,
            0.0,
            0.0,
            0.0,
            1.0,
            0.0,
            3.8753714961817827,
            -3.1593505292356805,
            0.0,
            1.0
        ],
        [
            0.6489412404034987,
            0.7608385285351739,
            0.0,
            0.0,
            -0.7608385285351739,
            0.6489412404034987,
            0.0,
            0.0,
            0.0,
            0.0,
            1.0,
            0.0,
            3.8041926426758694,
            -3.2447062020174933,
            0.0,
            1.0
        ],
        [
            0.6660934414982478,
            0.7458683041884944,
            0.0,
            0.0,
            -0.7458683041884944,
            0.6660934414982478,
            0.0,
            0.0,
            0.0,
            0.0,
            1.0,
            0.0,
            3.729341520942472,
            -3.330467207491239,
            0.0,
            1.0
        ],
        [
            0.6833023965849178,
            0.7301354907284727,
            0.0,
            0.0,
            -0.7301354907284727,
            0.6833023965849178,
            0.0,
            0.0,
            0.0,
            0.0,
            1.0,
            0.0,
            3.6506774536423636,
            -3.4165119829245887,
            0.0,
            1.0
        ],
        [
            0.7005398498720914,
            0.7136132837477086,
            0.0,
            0.0,
            -0.7136132837477086,
            0.7005398498720914,
            0.0,
            0.0,
            0.0,
            0.0,
            1.0,
            0.0,
            3.568066418738543,
            -3.502699249360457,
            0.0,
            1.0
        ],
        [
            0.7177730252735331,
            0.6962771604682146,
            0.0,
            0.0,
            -0.6962771604682146,
            0.7177730252735331,
            0.0,
            0.0,
            0.0,
            0.0,
            1.0,
            0.0,
            3.481385802341073,
            -3.588865126367666,
            0.0,
            1.0
        ],
        [
            0.7349640430868503,
            0.6781060797319477,
            0.0,
            0.0,
            -0.6781060797319477,
            0.7349640430868503,
            0.0,
            0.0,
            0.0,
            0.0,
            1.0,
            0.0,
            3.3905303986597386,
            -3.6748202154342513,
            0.0,
            1.0
        ],
        [
            0.7520693976407173,
            0.6590839257122939,
            0.0,
            0.0,
            -0.6590839257122939,
            0.7520693976407173,
            0.0,
            0.0,
            0.0,
            0.0,
            1.0,
            0.0,
            3.2954196285614694,
            -3.7603469882035867,
            0.0,
            1.0
        ],
        [
            0.7690395236260358,
            0.6392012289577046,
            0.0,
            0.0,
            -0.6392012289577046,
            0.7690395236260358,
            0.0,
            0.0,
            0.0,
            0.0,
            1.0,
            0.0,
            3.196006144788523,
            -3.845197618130179,
            0.0,
            1.0
        ],
        [
            0.7858186168759527,
            0.6184570327606962,
            0.0,
            0.0,
            -0.6184570327606962,
            0.7858186168759527,
            0.0,
            0.0,
            0.0,
            0.0,
            1.0,
            0.0,
            3.092285163803481,
            -3.9290930843797636,
            0.0,
            1.0
        ],
        [
            0.8023447688550817,
            0.5968608480130737,
            0.0,
            0.0,
            -0.5968608480130737,
            0.8023447688550817,
            0.0,
            0.0,
            0.0,
            0.0,
            1.0,
            0.0,
            2.9843042400653683,
            -4.011723844275409,
            0.0,
            1.0
        ],
        [
            0.8185505721491142,
            0.5744344704440688,
            0.0,
            0.0,
            -0.5744344704440688,
            0.8185505721491142,
            0.0,
            0.0,
            0.0,
            0.0,
            1.0,
            0.0,
            2.872172352220344,
            -4.092752860745571,
            0.0,
            1.0
        ],
        [
            0.8343642949208601,
            0.5512134099976306,
            0.0,
            0.0,
            -0.5512134099976306,
            0.8343642949208601,
            0.0,
            0.0,
            0.0,
            0.0,
            1.0,
            0.0,
            2.756067049988153,
            -4.1718214746043,
            0.0,
            1.0
        ],
        [
            0.8497116791318491,
            0.5272476290576692,
            0.0,
            0.0,
            -0.5272476290576692,
            0.8497116791318491,
            0.0,
            0.0,
            0.0,
            0.0,
            1.0,
            0.0,
            2.636238145288346,
            -4.248558395659245,
            0.0,
            1.0
        ],
        [
            0.8645183195831683,
            0.5026013083002221,
            0.0,
            0.0,
            -0.5026013083002221,
            0.8645183195831683,
            0.0,
            0.0,
            0.0,
            0.0,
            1.0,
            0.0,
            2.5130065415011105,
            -4.322591597915841,
            0.0,
            1.0
        ],
        [
            0.8787124511993203,
            0.47735147230031905,
            0.0,
            0.0,
            -0.47735147230031905,
            0.8787124511993203,
            0.0,
            0.0,
            0.0,
            0.0,
            1.0,
            0.0,
            2.3867573615015956,
            -4.393562255996601,
            0.0,
            1.0
        ],
        [
            0.8922278724367005,
            0.45158545553093143,
            0.0,
            0.0,
            -0.45158545553093143,
            0.8922278724367005,
            0.0,
            0.0,
            0.0,
            0.0,
            1.0,
            0.0,
            2.2579272776546575,
            -4.461139362183503,
            0.0,
            1.0
        ],
        [
            0.9050066417168947,
            0.4253974358741578,
            0.0,
            0.0,
            -0.4253974358741578,
            0.9050066417168947,
            0.0,
            0.0,
            0.0,
            0.0,
            1.0,
            0.0,
            2.126987179370789,
            -4.525033208584474,
            0.0,
            1.0
        ],
        [
            0.917001203131475,
            0.39888443621608904,
            0.0,
            0.0,
            -0.39888443621608904,
            0.917001203131475,
            0.0,
            0.0,
            0.0,
            0.0,
            1.0,
            0.0,
            1.9944221810804454,
            -4.585006015657375,
            0.0,
            1.0
        ],
        [
            0.9281756877036399,
            0.37214230175549146,
            0.0,
            0.0,
            -0.37214230175549146,
            0.9281756877036399,
            0.0,
            0.0,
            0.0,
            0.0,
            1.0,
            0.0,
            1.8607115087774575,
            -4.640878438518199,
            0.0,
            1.0
        ],
        [
            0.9385062910031855,
            0.34526213483010854,
            0.0,
            0.0,
            -0.34526213483010854,
            0.9385062910031855,
            0.0,
            0.0,
            0.0,
            0.0,
            1.0,
            0.0,
            1.726310674150543,
            -4.692531455015928,
            0.0,
            1.0
        ],
        [
            0.947980791093755,
            0.3183275352797156,
            0.0,
            0.0,
            -0.3183275352797156,
            0.947980791093755,
            0.0,
            0.0,
            0.0,
            0.0,
            1.0,
            0.0,
            1.5916376763985782,
            -4.739903955468775,
            0.0,
            1.0
        ],
        [
            0.9565973938356828,
            0.29141281047129636,
            0.0,
            0.0,
            -0.29141281047129636,
            0.9565973938356828,
            0.0,
            0.0,
            0.0,
            0.0,
            1.0,
            0.0,
            1.4570640523564822,
            -4.782986969178414,
            0.0,
            1.0
        ],
        [
            0.964363155114022,
            0.264582132916281,
            0.0,
            0.0,
            -0.264582132916281,
            0.964363155114022,
            0.0,
            0.0,
            0.0,
            0.0,
            1.0,
            0.0,
            1.3229106645814053,
            -4.82181577557011,
            0.0,
            1.0
        ],
        [
            0.971292224185534,
            0.23788950215744814,
            0.0,
            0.0,
            -0.23788950215744814,
            0.971292224185534,
            0.0,
            0.0,
            0.0,
            0.0,
            1.0,
            0.0,
            1.1894475107872409,
            -4.85646112092767,
            0.0,
            1.0
        ],
        [
            0.977404109089827,
            0.21137929779030287,
            0.0,
            0.0,
            -0.21137929779030287,
            0.977404109089827,
            0.0,
            0.0,
            0.0,
            0.0,
            1.0,
            0.0,
            1.0568964889515147,
            -4.887020545449135,
            0.0,
            1.0
        ],
        [
            0.982722099438297,
            0.18508720991896196,
            0.0,
            0.0,
            -0.18508720991896196,
            0.982722099438297,
            0.0,
            0.0,
            0.0,
            0.0,
            1.0,
            0.0,
            0.9254360495948101,
            -4.913610497191485,
            0.0,
            1.0
        ],
        [
            0.9872719213917016,
            0.15904135698470934,
            0.0,
            0.0,
            -0.15904135698470934,
            0.9872719213917016,
            0.0,
            0.0,
            0.0,
            0.0,
            1.0,
            0.0,
            0.7952067849235469,
            -4.936359606958508,
            0.0,
            1.0
        ],
        [
            0.9910806485983071,
            0.13326345325691824,
            0.0,
            0.0,
            -0.13326345325691824,
            0.9910806485983071,
            0.0,
            0.0,
            0.0,
            0.0,
            1.0,
            0.0,
            0.6663172662845915,
            -4.955403242991536,
            0.0,
            1.0
        ],
        [
            0.994175860861237,
            0.10776992939043024,
            0.0,
            0.0,
            -0.10776992939043024,
            0.994175860861237,
            0.0,
            0.0,
            0.0,
            0.0,
            1.0,
            0.0,
            0.5388496469521515,
            -4.970879304306185,
            0.0,
            1.0
        ],
        [
            0.9965850225908803,
            0.08257295409233269,
            0.0,
            0.0,
            -0.08257295409233269,
            0.9965850225908803,
            0.0,
            0.0,
            0.0,
            0.0,
            1.0,
            0.0,
            0.4128647704616637,
            -4.982925112954401,
            0.0,
            1.0
        ],
        [
            0.9983350461749666,
            0.057681327817823896,
            0.0,
            0.0,
            -0.057681327817823896,
            0.9983350461749666,
            0.0,
            0.0,
            0.0,
            0.0,
            1.0,
            0.0,
            0.2884066390891198,
            -4.991675230874833,
            0.0,
            1.0
        ],
        [
            0.999452003664837,
            0.03310124424160841,
            0.0,
            0.0,
            -0.03310124424160841,
            0.999452003664837,
            0.0,
            0.0,
            0.0,
            0.0,
            1.0,
            0.0,
            0.16550622120804237,
            -4.997260018324185,
            0.0,
            1.0
        ],
        [
            0.9999609536177038,
            0.008836924802927894,
            0.0,
            0.0,
            -0.008836924802927894,
            0.9999609536177038,
            0.0,
            0.0,
            0.0,
            0.0,
            1.0,
            0.0,
            0.044184624014639774,
            -4.999804768088519,
            0.0,
            1.0
        ],
        [
            0.9998858546392124,
            -0.015108861387002908,
            0.0,
            0.0,
            0.015108861387002908,
            0.9998858546392124,
            0.0,
            0.0,
            0.0,
            0.0,
            1.0,
            0.0,
            -0.07554430693501424,
            -4.999429273196062,
            0.0,
            1.0
