{
    "76525520": [
        [
            6.682679484699013e-05,
            0.9999999977670897,
            0.0,
            0.0,
            -0.9999999977670897,
            6.682679484699013e-05,
            0.0,
            0.0,
            0.0,
            0.0,
            1.0,
            0.0,
            4.999999988835448,
            -0.00033413397423464453,
            0.0,
            1.0
        ],
        [
            0.00020398969337429577,
            0.9999999791941023,
            0.0,
            0.0,
            -0.9999999791941023,
            0.00020398969337429577,
            0.0,
            0.0,
            0.0,
            0.0,
            1.0,
            0.0,
            4.999999895970512,
            -0.0010199484668711727,
            0.0,
            1.0
        ],
        [
            0.0006154783573359272,
            0.9999998105931779,
            0.0,
            0.0,
            -0.9999998105931779,
            0.0006154783573359272,
            0.0,
            0.0,
            0.0,
            0.0,
            1.0,
            0.0,
            4.999999052965889,
            -0.0030773917866793294,
            0.0,
            1.0
        ],
        [
            0.0013012926386534991,
            0.9999991533183759,
            0.0,
            0.0,
            -0.9999991533183759,
            0.0013012926386534991,
            0.0,
            0.0,
            0.0,
            0.0,
            1.0,
            0.0,
            4.999995766591879,
            -0.00650646319326719,
            0.0,
            1.0
        ],
        [
            0.0022614319808023178,
            0.9999974429594288,
            0.0,
            0.0,
            -0.9999974429594288,
            0.0022614319808023178,
            0.0,
            0.0,
            0.0,
            0.0,
            1.0,
            0.0,
            4.9999872147971445,
            -0.011307159904011283,
            0.0,
            1.0
        ],
        [
            0.0034958949412744467,
            0.9999938893406097,
            0.0,
            0.0,
            -0.9999938893406097,
            0.0034958949412744467,
            0.0,
            0.0,
            0.0,
            0.0,
            1.0,
            0.0,
            4.999969446703049,
            -0.017479474706371928,
            0.0,
            1.0
        ],
        [
            0.005004678567060352,
            0.9999874765178014,
            0.0,
            0.0,
            -0.9999874765178014,
            0.005004678567060352,
            0.0,
            0.0,
            0.0,
            0.0,
            1.0,
            0.0,
            4.999937382589007,
            -0.02502339283530145,
            0.0,
            1.0
        ],
        [
            0.006787777562150105,
            0.9999769627725265,
            0.0,
            0.0,
            -0.9999769627725265,
            0.006787777562150105,
            0.0,
            0.0,
            0.0,
            0.0,
            1.0,
            0.0,
            4.999884813862632,
            -0.03393888781075022,
            0.0,
            1.0
        ],
        [
            0.008845183297899245,
            0.9999608806010496,
            0.0,
            0.0,
            -0.9999608806010496,
            0.008845183297899245,
            0.0,
            0.0,
            0.0,
            0.0,
            1.0,
            0.0,
            4.999804403005248,
            -0.04422591648949592,
            0.0,
            1.0
        ],
        [
            0.01117688279641309,
            0.9999375366946454,
            0.0,
            0.0,
            -0.9999375366946454,
            0.01117688279641309,
            0.0,
            0.0,
            0.0,
            0.0,
            1.0,
            0.0,
            4.999687683473227,
            -0.05588441398206515,
            0.0,
            1.0
        ],
        [
            0.013782857599146601,
            0.9999050119068319,
            0.0,
            0.0,
            -0.9999050119068319,
            0.013782857599146601,
            0.0,
            0.0,
            0.0,
            0.0,
            1.0,
            0.0,
            4.999525059534159,
            -0.06891428799573271,
            0.0,
            1.0
        ],
        [
            0.01666308074325341,
            0.9998611612319701,
            0.0,
            0.0,
            -0.9998611612319701,
            0.01666308074325341,
            0.0,
            0.0,
            0.0,
            0.0,
            1.0,
            0.0,
            4.9993058061598505,
            -0.08331540371626674,
            0.0,
            1.0
        ],
        [
            0.019817516469498,
            0.9998036137367083,
            0.0,
            0.0,
            -0.9998036137367083,
            0.019817516469498,
            0.0,
            0.0,
            0.0,
            0.0,
            1.0,
            0.0,
            4.999018068683542,
            -0.09908758234748968,
            0.0,
            1.0
        ],
        [
            0.023246119470218818,
            0.9997297724533246,
            0.0,
            0.0,
            -0.9997297724533246,
            0.023246119470218818,
            0.0,
            0.0,
            0.0,
            0.0,
            1.0,
            0.0,
            4.998648862266623,
            -0.11623059735109378,
            0.0,
            1.0
        ],
        [
            0.02694883088687018,
            0.999636814304991,
            0.0,
            0.0,
            -0.999636814304991,
            0.02694883088687018,
            0.0,
            0.0,
            0.0,
            0.0,
            1.0,
            0.0,
            4.998184071524955,
            -0.1347441544343506,
            0.0,
            1.0
        ],
        [
            0.030925577736098834,
            0.999521689930583,
            0.0,
            0.0,
            -0.999521689930583,
            0.030925577736098834,
            0.0,
            0.0,
            0.0,
            0.0,
            1.0,
            0.0,
            4.997608449652915,
            -0.15462788868049385,
            0.0,
            1.0
        ],
        [
            0.0351762699788476,
            0.9993811235111334,
            0.0,
            0.0,
            -0.9993811235111334,
            0.0351762699788476,
            0.0,
            0.0,
            0.0,
            0.0,
            1.0,
            0.0,
            4.996905617555667,
            -0.1758813498942377,
            0.0,
            1.0
        ],
        [
            0.039700797666801804,
            0.9992116125549281,
            0.0,
            0.0,
            -0.9992116125549281,
            0.039700797666801804,
            0.0,
            0.0,
            0.0,
            0.0,
            1.0,
            0.0,
            4.99605806277464,
            -0.1985039883340087,
            0.0,
            1.0
        ],
        [
            0.044499030945216456,
            0.9990094275055349,
            0.0,
            0.0,
            -0.9990094275055349,
            0.044499030945216456,
            0.0,
            0.0,
            0.0,
            0.0,
            1.0,
            0.0,
            4.995047137527674,
            -0.22249515472608197,
            0.0,
            1.0
        ],
        [
            0.0495708148585828,
            0.9987706114590357,
            0.0,
            0.0,
            -0.9987706114590357,
            0.0495708148585828,
            0.0,
            0.0,
            0.0,
            0.0,
            1.0,
            0.0,
            4.993853057295178,
            -0.24785407429291367,
            0.0,
            1.0
        ],
        [
            0.054915967685886635,
            0.9984909796753912,
            0.0,
            0.0,
            -0.9984909796753912,
            0.054915967685886635,
            0.0,
            0.0,
            0.0,
            0.0,
            1.0,
            0.0,
            4.992454898376956,
            -0.27457983842943284,
            0.0,
            1.0
        ],
        [
            0.06053428065077454,
            0.9981661188730527,
            0.0,
            0.0,
            -0.9981661188730527,
            0.06053428065077454,
            0.0,
            0.0,
            0.0,
            0.0,
            1.0,
            0.0,
            4.9908305943652636,
            -0.3026714032538724,
            0.0,
            1.0
        ],
        [
            0.06642551116530704,
            0.9977913867469631,
            0.0,
            0.0,
            -0.9977913867469631,
            0.06642551116530704,
            0.0,
            0.0,
            0.0,
            0.0,
            1.0,
            0.0,
            4.988956933734816,
            -0.3321275558265349,
            0.0,
            1.0
        ],
        [
            0.07258938354579836,
            0.9973619109412796,
            0.0,
            0.0,
            -0.9973619109412796,
            0.07258938354579836,
            0.0,
            0.0,
            0.0,
            0.0,
            1.0,
            0.0,
            4.986809554706398,
            -0.3629469177289915,
            0.0,
            1.0
        ],
        [
            0.0790255857932366,
            0.9968725880422411,
            0.0,
            0.0,
            -0.9968725880422411,
            0.0790255857932366,
            0.0,
            0.0,
            0.0,
            0.0,
            1.0,
            0.0,
            4.984362940211206,
            -0.3951279289661827,
            0.0,
            1.0
        ],
        [
            0.0857337639871866,
            0.9963180825984187,
            0.0,
            0.0,
            -0.9963180825984187,
            0.0857337639871866,
            0.0,
            0.0,
            0.0,
            0.0,
            1.0,
            0.0,
            4.981590412992094,
            -0.42866881993593275,
            0.0,
            1.0
        ],
        [
            0.09271352454928523,
            0.9956928253059018,
            0.0,
            0.0,
            -0.9956928253059018,
            0.09271352454928523,
            0.0,
            0.0,
            0.0,
            0.0,
            1.0,
            0.0,
            4.978464126529508,
            -0.4635676227464259,
            0.0,
            1.0
        ],
        [
            0.09996442757266626,
            0.994991011627778,
            0.0,
            0.0,
            -0.994991011627778,
            0.09996442757266626,
            0.0,
            0.0,
            0.0,
            0.0,
            1.0,
            0.0,
            4.974955058138891,
            -0.499822137863331,
            0.0,
            1.0
        ],
        [
            0.10748598391782295,
            0.9942065998881809,
            0.0,
            0.0,
            -0.9942065998881809,
            0.10748598391782295,
            0.0,
            0.0,
            0.0,
            0.0,
            1.0,
            0.0,
            4.971032999440904,
            -0.5374299195891145,
            0.0,
            1.0
        ],
        [
            0.11527765750704422,
            0.9933333084517445,
            0.0,
            0.0,
            -0.9933333084517445,
            0.11527765750704422,
            0.0,
            0.0,
            0.0,
            0.0,
            1.0,
            0.0,
            4.966666542258722,
            -0.5763882875352209,
            0.0,
            1.0
        ],
        [
            0.12333885590704861,
            0.9923646137501781,
            0.0,
            0.0,
            -0.9923646137501781,
            0.12333885590704861,
            0.0,
            0.0,
            0.0,
            0.0,
            1.0,
            0.0,
            4.961823068750891,
            -0.6166942795352428,
            0.0,
            1.0
        ],
        [
            0.13166893153634057,
            0.9912937468117503,
            0.0,
            0.0,
            -0.9912937468117503,
            0.13166893153634057,
            0.0,
            0.0,
            0.0,
            0.0,
            1.0,
            0.0,
            4.956468734058752,
            -0.6583446576817026,
            0.0,
            1.0
        ],
        [
            0.14026718089616738,
            0.9901136894132118,
            0.0,
            0.0,
            -0.9901136894132118,
            0.14026718089616738,
            0.0,
            0.0,
            0.0,
            0.0,
            1.0,
            0.0,
            4.9505684470660585,
            -0.7013359044808366,
            0.0,
            1.0
        ],
        [
            0.1491328351171357,
            0.9888171709117541,
            0.0,
            0.0,
            -0.9888171709117541,
            0.1491328351171357,
            0.0,
            0.0,
            0.0,
            0.0,
            1.0,
            0.0,
            4.944085854558771,
            -0.7456641755856783,
            0.0,
            1.0
        ],
        [
            0.15826506421288639,
            0.9873966626689048,
            0.0,
            0.0,
            -0.9873966626689048,
            0.15826506421288639,
            0.0,
            0.0,
            0.0,
            0.0,
            1.0,
            0.0,
            4.936983313344524,
            -0.7913253210644317,
            0.0,
            1.0
        ],
        [
            0.16766297271684635,
            0.9858443729005862,
            0.0,
            0.0,
            -0.9858443729005862,
            0.16766297271684635,
            0.0,
            0.0,
            0.0,
            0.0,
            1.0,
            0.0,
            4.9292218645029315,
            -0.8383148635842315,
            0.0,
            1.0
        ],
        [
            0.17732559563596367,
            0.9841522408308334,
            0.0,
            0.0,
            -0.9841522408308334,
            0.17732559563596367,
            0.0,
            0.0,
            0.0,
            0.0,
            1.0,
            0.0,
            4.920761204154167,
            -0.8866279781798181,
            0.0,
            1.0
        ],
        [
            0.18725189625199892,
            0.9823119297606187,
            0.0,
            0.0,
            -0.9823119297606187,
            0.18725189625199892,
            0.0,
            0.0,
            0.0,
            0.0,
            1.0,
            0.0,
            4.9115596488030935,
            -0.9362594812599944,
            0.0,
            1.0
        ],
        [
            0.19744076236628902,
            0.9803148195127005,
            0.0,
            0.0,
            -0.9803148195127005,
            0.19744076236628902,
            0.0,
            0.0,
            0.0,
            0.0,
            1.0,
            0.0,
            4.901574097563502,
            -0.9872038118314448,
            0.0,
            1.0
        ],
        [
            0.20789100703548638,
            0.9781519969788802,
            0.0,
            0.0,
            -0.9781519969788802,
            0.20789100703548638,
            0.0,
            0.0,
            0.0,
            0.0,
            1.0,
            0.0,
            4.890759984894401,
            -1.0394550351774317,
            0.0,
            1.0
        ],
        [
            0.21860136048113915,
            0.9758142472805954,
            0.0,
            0.0,
            -0.9758142472805954,
            0.21860136048113915,
            0.0,
            0.0,
            0.0,
            0.0,
            1.0,
            0.0,
            4.879071236402977,
            -1.0930068024056956,
            0.0,
            1.0
        ],
        [
            0.2295704724412981,
            0.9732920415697845,
            0.0,
            0.0,
            -0.9732920415697845,
            0.2295704724412981,
            0.0,
            0.0,
            0.0,
            0.0,
            1.0,
            0.0,
            4.866460207848923,
            -1.1478523622064902,
            0.0,
            1.0
        ],
        [
            0.24079690282378519,
            0.9705755259589398,
            0.0,
            0.0,
            -0.9705755259589398,
            0.24079690282378519,
            0.0,
            0.0,
            0.0,
            0.0,
            1.0,
            0.0,
            4.852877629794699,
            -1.2039845141189256,
            0.0,
            1.0
        ],
        [
            0.2522791237050872,
            0.9676545063929549,
            0.0,
            0.0,
            -0.9676545063929549,
            0.2522791237050872,
            0.0,
            0.0,
            0.0,
            0.0,
            1.0,
            0.0,
            4.838272531964774,
            -1.2613956185254358,
            0.0,
            1.0
        ],
        [
            0.2640155096542104,
            0.9645184345890064,
            0.0,
            0.0,
            -0.9645184345890064,
            0.2640155096542104,
            0.0,
            0.0,
            0.0,
            0.0,
            1.0,
            0.0,
            4.822592172945032,
            -1.3200775482710516,
            0.0,
            1.0
        ],
        [
            0.27600433703147326,
            0.9611563899490119,
            0.0,
            0.0,
            -0.9611563899490119,
            0.27600433703147326,
            0.0,
            0.0,
            0.0,
            0.0,
            1.0,
            0.0,
            4.805781949745059,
            -1.3800216851573661,
            0.0,
            1.0
        ],
        [
            0.28824377584850214,
            0.95755706132042,
            0.0,
            0.0,
            -0.95755706132042,
            0.28824377584850214,
            0.0,
            0.0,
            0.0,
            0.0,
            1.0,
            0.0,
            4.7877853066021,
            -1.4412188792425105,
            0.0,
            1.0
        ],
        [
            0.3007318842468291,
            0.9537087258683081,
            0.0,
            0.0,
            -0.9537087258683081,
            0.3007318842468291,
            0.0,
            0.0,
            0.0,
            0.0,
            1.0,
            0.0,
            4.768543629341541,
            -1.5036594212341452,
            0.0,
            1.0
        ],
        [
            0.31346660185169867,
            0.9495992257387054,
            0.0,
            0.0,
            -0.9495992257387054,
            0.31346660185169867,
            0.0,
            0.0,
            0.0,
            0.0,
            1.0,
            0.0,
            4.747996128693527,
            -1.5673330092584932,
            0.0,
            1.0
        ],
        [
            0.32644573488346756,
            0.9452159447324155,
            0.0,
            0.0,
            -0.9452159447324155,
            0.32644573488346756,
            0.0,
            0.0,
            0.0,
            0.0,
            1.0,
            0.0,
            4.726079723662078,
            -1.6322286744173375,
            0.0,
            1.0
        ],
        [
            0.33966695279164216,
            0.9405457783549084,
            0.0,
            0.0,
            -0.9405457783549084,
            0.33966695279164216,
            0.0,
            0.0,
            0.0,
            0.0,
            1.0,
            0.0,
            4.702728891774542,
            -1.6983347639582105,
            0.0,
            1.0
        ],
        [
            0.3531277746406299,
            0.9355751037609736,
            0.0,
            0.0,
            -0.9355751037609736,
            0.3531277746406299,
            0.0,
            0.0,
            0.0,
            0.0,
            1.0,
            0.0,
            4.677875518804868,
            -1.7656388732031492,
            0.0,
            1.0
        ],
        [
            0.36682555393923705,
            0.9302897467870813,
            0.0,
            0.0,
            -0.9302897467870813,
            0.36682555393923705,
            0.0,
            0.0,
            0.0,
            0.0,
            1.0,
            0.0,
            4.651448733935407,
            -1.834127769696185,
            0.0,
            1.0
        ],
        [
            0.3807574549613788,
            0.924674948558321,
            0.0,
            0.0,
            -0.924674948558321,
            0.3807574549613788,
            0.0,
            0.0,
            0.0,
            0.0,
            1.0,
            0.0,
            4.623374742791605,
            -1.9037872748068938,
            0.0,
            1.0
        ],
        [
            0.3949204330094771,
            0.9187153267425155,
            0.0,
            0.0,
            -0.9187153267425155,
            0.3949204330094771,
            0.0,
            0.0,
            0.0,
            0.0,
            1.0,
            0.0,
            4.593576633712578,
            -1.9746021650473853,
            0.0,
            1.0
        ],
        [
            0.4093112122207979,
            0.9123948331453554,
            0.0,
            0.0,
            -0.9123948331453554,
            0.4093112122207979,
            0.0,
            0.0,
            0.0,
            0.0,
            1.0,
            0.0,
            4.561974165726777,
            -2.0465560611039892,
            0.0,
            1.0
        ],
        [
            0.4239262533322344,
            0.9056967106795156,
            0.0,
            0.0,
            -0.9056967106795156,
            0.4239262533322344,
            0.0,
            0.0,
            0.0,
            0.0,
            1.0,
            0.0,
            4.528483553397578,
            -2.1196312666611714,
            0.0,
            1.0
        ],
        [
            0.4387617129130248,
            0.8986034494044792,
            0.0,
            0.0,
            -0.8986034494044792,
            0.4387617129130248,
            0.0,
            0.0,
            0.0,
            0.0,
            1.0,
            0.0,
            4.493017247022396,
            -2.1938085645651237,
            0.0,
            1.0
        ],
        [
            0.45381340025873224,
            0.891096738713372,
            0.0,
            0.0,
            -0.891096738713372,
            0.45381340025873224,
            0.0,
            0.0,
            0.0,
            0.0,
            1.0,
            0.0,
            4.45548369356686,
            -2.269067001293661,
            0.0,
            1.0
        ],
        [
            0.46907672268261774,
            0.8831574198506937,
            0.0,
            0.0,
            -0.8831574198506937,
            0.46907672268261774,
            0.0,
            0.0,
            0.0,
            0.0,
            1.0,
            0.0,
            4.4157870992534685,
            -2.3453836134130883,
            0.0,
            1.0
        ],
        [
            0.4845466201228776,
            0.8747654388048809,
            0.0,
            0.0,
            -0.8747654388048809,
            0.4845466201228776,
            0.0,
            0.0,
            0.0,
            0.0,
            1.0,
            0.0,
            4.373827194024404,
            -2.4227331006143875,
            0.0,
            1.0
        ],
        [
            0.5002174851847084,
            0.8658998022378144,
            0.0,
            0.0,
            -0.8658998022378144,
            0.5002174851847084,
            0.0,
            0.0,
            0.0,
            0.0,
            1.0,
            0.0,
            4.329499011189072,
            -2.5010874259235423,
            0.0,
            1.0
        ],
        [
            0.5160830698993994,
            0.8565385367648157,
            0.0,
            0.0,
            -0.8565385367648157,
            0.5160830698993994,
            0.0,
            0.0,
            0.0,
            0.0,
            1.0,
            0.0,
            4.282692683824079,
            -2.580415349496997,
            0.0,
            1.0
        ],
        [
            0.5321363711232742,
            0.8466586576228657,
            0.0,
            0.0,
            -0.8466586576228657,
            0.5321363711232742,
            0.0,
            0.0,
            0.0,
            0.0,
            1.0,
            0.0,
            4.233293288114329,
            -2.660681855616371,
            0.0,
            1.0
        ],
        [
            0.5483694939191588,
            0.8362361497441053,
            0.0,
            0.0,
            -0.8362361497441053,
            0.5483694939191588,
            0.0,
            0.0,
            0.0,
            0.0,
            1.0,
            0.0,
            4.181180748720527,
            -2.741847469595794,
            0.0,
            1.0
        ],
        [
            0.56477348715835,
            0.8252459683046002,
            0.0,
            0.0,
            -0.8252459683046002,
            0.56477348715835,
            0.0,
            0.0,
            0.0,
            0.0,
            1.0,
            0.0,
            4.126229841523001,
            -2.8238674357917497,
            0.0,
            1.0
        ],
        [
            0.5813381474339749,
            0.8136620664244057,
            0.0,
            0.0,
            -0.8136620664244057,
            0.5813381474339749,
            0.0,
            0.0,
            0.0,
            0.0,
            1.0,
            0.0,
            4.068310332122029,
            -2.9066907371698747,
            0.0,
            1.0
        ],
        [
            0.5980517861709079,
            0.8014574605415976,
            0.0,
            0.0,
            -0.8014574605415976,
            0.5980517861709079,
            0.0,
            0.0,
            0.0,
            0.0,
            1.0,
            0.0,
            4.007287302707988,
            -2.9902589308545395,
            0.0,
            1.0
        ],
        [
            0.6149009521585835,
            0.7886043488559186,
            0.0,
            0.0,
            -0.7886043488559186,
            0.6149009521585835,
            0.0,
            0.0,
            0.0,
            0.0,
            1.0,
            0.0,
            3.943021744279593,
            -3.0745047607929177,
            0.0,
            1.0
        ],
        [
            0.6318701058471337,
            0.7750742992363584,
            0.0,
            0.0,
            -0.7750742992363584,
            0.6318701058471337,
            0.0,
            0.0,
            0.0,
            0.0,
            1.0,
            0.0,
            3.875371496181792,
            -3.1593505292356685,
            0.0,
            1.0
        ],
        [
            0.6489412404034964,
            0.7608385285351758,
            0.0,
            0.0,
            -0.7608385285351758,
            0.6489412404034964,
            0.0,
            0.0,
            0.0,
            0.0,
            1.0,
            0.0,
            3.8041926426758788,
            -3.244706202017482,
            0.0,
            1.0
        ],
        [
            0.6660934414982453,
            0.7458683041884965,
            0.0,
            0.0,
            -0.7458683041884965,
            0.6660934414982453,
            0.0,
            0.0,
            0.0,
            0.0,
            1.0,
            0.0,
            3.7293415209424823,
            -3.3304672074912265,
            0.0,
            1.0
        ],
        [
            0.6833023965849153,
            0.7301354907284751,
            0.0,
            0.0,
            -0.7301354907284751,
            0.6833023965849153,
            0.0,
            0.0,
            0.0,
            0.0,
            1.0,
            0.0,
            3.650677453642375,
            -3.4165119829245767,
            0.0,
            1.0
        ],
        [
            0.700539849872089,
            0.7136132837477109,
            0.0,
            0.0,
            -0.7136132837477109,
            0.700539849872089,
            0.0,
            0.0,
            0.0,
            0.0,
            1.0,
            0.0,
            3.568066418738555,
            -3.502699249360445,
            0.0,
            1.0
        ],
        [
            0.7177730252735309,
            0.6962771604682169,
            0.0,
            0.0,
            -0.6962771604682169,
            0.7177730252735309,
            0.0,
            0.0,
            0.0,
            0.0,
            1.0,
            0.0,
            3.481385802341084,
            -3.5888651263676548,
            0.0,
            1.0
        ],
        [
            0.734964043086848,
            0.67810607973195,
            0.0,
            0.0,
            -0.67810607973195,
            0.734964043086848,
            0.0,
            0.0,
            0.0,
            0.0,
            1.0,
            0.0,
            3.39053039865975,
            -3.67482021543424,
            0.0,
            1.0
        ],
        [
            0.7520693976407152,
            0.6590839257122963,
            0.0,
            0.0,
            -0.6590839257122963,
            0.7520693976407152,
            0.0,
            0.0,
            0.0,
            0.0,
            1.0,
            0.0,
            3.295419628561482,
            -3.760346988203576,
            0.0,
            1.0
        ],
        [
            0.7690395236260338,
            0.6392012289577071,
            0.0,
            0.0,
            -0.6392012289577071,
            0.7690395236260338,
            0.0,
            0.0,
            0.0,
            0.0,
            1.0,
            0.0,
            3.1960061447885355,
            -3.845197618130169,
            0.0,
            1.0
        ],
        [
            0.7858186168759506,
            0.6184570327606987,
            0.0,
            0.0,
            -0.6184570327606987,
            0.7858186168759506,
            0.0,
            0.0,
            0.0,
            0.0,
            1.0,
            0.0,
            3.092285163803494,
            -3.929093084379753,
            0.0,
            1.0
        ],
        [
            0.8023447688550797,
            0.5968608480130765,
            0.0,
            0.0,
            -0.5968608480130765,
            0.8023447688550797,
            0.0,
            0.0,
            0.0,
            0.0,
            1.0,
            0.0,
            2.9843042400653825,
            -4.011723844275398,
            0.0,
            1.0
        ],
        [
            0.8185505721491122,
            0.5744344704440716,
            0.0,
            0.0,
            -0.5744344704440716,
            0.8185505721491122,
            0.0,
            0.0,
            0.0,
            0.0,
            1.0,
            0.0,
            2.8721723522203577,
            -4.092752860745561,
            0.0,
            1.0
        ],
        [
            0.8343642949208582,
            0.5512134099976336,
            0.0,
            0.0,
            -0.5512134099976336,
            0.8343642949208582,
            0.0,
            0.0,
            0.0,
            0.0,
            1.0,
            0.0,
            2.756067049988168,
            -4.1718214746042905,
            0.0,
            1.0
        ],
        [
            0.8497116791318473,
            0.5272476290576721,
            0.0,
            0.0,
            -0.5272476290576721,
            0.8497116791318473,
            0.0,
            0.0,
            0.0,
            0.0,
            1.0,
            0.0,
            2.6362381452883605,
            -4.248558395659236,
            0.0,
            1.0
        ],
        [
            0.8645183195831667,
            0.5026013083002249,
            0.0,
            0.0,
            -0.5026013083002249,
            0.8645183195831667,
            0.0,
            0.0,
            0.0,
            0.0,
            1.0,
            0.0,
            2.5130065415011242,
            -4.322591597915833,
            0.0,
            1.0
        ],
        [
            0.8787124511993187,
            0.4773514723003219,
            0.0,
            0.0,
            -0.4773514723003219,
            0.8787124511993187,
            0.0,
            0.0,
            0.0,
            0.0,
            1.0,
            0.0,
            2.3867573615016098,
            -4.393562255996594,
            0.0,
            1.0
        ],
        [
            0.8922278724366991,
            0.45158545553093415,
            0.0,
            0.0,
            -0.45158545553093415,
            0.8922278724366991,
            0.0,
            0.0,
            0.0,
            0.0,
            1.0,
            0.0,
            2.2579272776546713,
            -4.461139362183496,
            0.0,
            1.0
        ],
        [
            0.9050066417168935,
            0.42539743587416046,
            0.0,
            0.0,
            -0.42539743587416046,
            0.9050066417168935,
            0.0,
            0.0,
            0.0,
            0.0,
            1.0,
            0.0,
            2.1269871793708024,
            -4.525033208584468,
            0.0,
            1.0
        ],
        [
            0.917001203131474,
            0.3988844362160915,
            0.0,
            0.0,
            -0.3988844362160915,
            0.917001203131474,
            0.0,
            0.0,
            0.0,
            0.0,
            1.0,
            0.0,
            1.9944221810804577,
            -4.58500601565737,
            0.0,
            1.0
        ],
        [
            0.9281756877036389,
            0.3721423017554938,
            0.0,
            0.0,
            -0.3721423017554938,
            0.9281756877036389,
            0.0,
            0.0,
            0.0,
            0.0,
            1.0,
            0.0,
            1.8607115087774693,
            -4.640878438518195,
            0.0,
            1.0
        ],
        [
            0.9385062910031847,
            0.3452621348301108,
            0.0,
            0.0,
            -0.3452621348301108,
            0.9385062910031847,
            0.0,
            0.0,
            0.0,
            0.0,
            1.0,
            0.0,
            1.7263106741505543,
            -4.692531455015923,
            0.0,
            1.0
        ],
        [
            0.947980791093754,
            0.3183275352797184,
            0.0,
            0.0,
            -0.3183275352797184,
            0.947980791093754,
            0.0,
            0.0,
            0.0,
            0.0,
            1.0,
            0.0,
            1.5916376763985922,
            -4.73990395546877,
            0.0,
            1.0
        ],
        [
            0.9565973938356819,
            0.29141281047129924,
            0.0,
            0.0,
            -0.29141281047129924,
            0.9565973938356819,
            0.0,
            0.0,
            0.0,
            0.0,
            1.0,
            0.0,
            1.4570640523564964,
            -4.78298696917841,
            0.0,
            1.0
        ],
        [
            0.9643631551140213,
            0.26458213291628385,
            0.0,
            0.0,
            -0.26458213291628385,
            0.9643631551140213,
            0.0,
            0.0,
            0.0,
            0.0,
            1.0,
            0.0,
            1.3229106645814195,
            -4.821815775570107,
            0.0,
            1.0
        ],
        [
            0.9712922241855333,
            0.2378895021574509,
            0.0,
            0.0,
            -0.2378895021574509,
            0.9712922241855333,
            0.0,
            0.0,
            0.0,
            0.0,
            1.0,
            0.0,
            1.1894475107872546,
            -4.8564611209276665,
            0.0,
            1.0
        ],
        [
            0.9774041090898264,
            0.21137929779030548,
            0.0,
            0.0,
            -0.21137929779030548,
            0.9774041090898264,
            0.0,
            0.0,
            0.0,
            0.0,
            1.0,
            0.0,
            1.0568964889515278,
            -4.887020545449133,
            0.0,
            1.0
        ],
        [
            0.9827220994382965,
            0.18508720991896455,
            0.0,
            0.0,
            -0.18508720991896455,
            0.9827220994382965,
            0.0,
            0.0,
            0.0,
            0.0,
            1.0,
            0.0,
            0.9254360495948231,
            -4.913610497191482,
            0.0,
            1.0
        ],
        [
            0.9872719213917012,
            0.15904135698471195,
            0.0,
            0.0,
            -0.15904135698471195,
            0.9872719213917012,
            0.0,
            0.0,
            0.0,
            0.0,
            1.0,
            0.0,
            0.79520678492356,
            -4.936359606958506,
            0.0,
            1.0
        ],
        [
            0.9910806485983068,
            0.13326345325692096,
            0.0,
            0.0,
            -0.13326345325692096,
            0.9910806485983068,
            0.0,
            0.0,
            0.0,
            0.0,
            1.0,
            0.0,
            0.6663172662846051,
            -4.955403242991534,
            0.0,
            1.0
        ],
        [
            0.9941758608612367,
            0.1077699293904331,
            0.0,
            0.0,
            -0.1077699293904331,
            0.9941758608612367,
            0.0,
            0.0,
            0.0,
            0.0,
            1.0,
            0.0,
            0.5388496469521658,
            -4.970879304306183,
            0.0,
            1.0
        ],
        [
            0.9965850225908801,
            0.08257295409233564,
            0.0,
            0.0,
            -0.08257295409233564,
            0.9965850225908801,
            0.0,
            0.0,
            0.0,
            0.0,
            1.0,
            0.0,
            0.41286477046167847,
            -4.9829251129544,
            0.0,
            1.0
        ],
        [
            0.9983350461749665,
            0.057681327817826956,
            0.0,
            0.0,
            -0.057681327817826956,
            0.9983350461749665,
            0.0,
            0.0,
            0.0,
            0.0,
            1.0,
            0.0,
            0.2884066390891351,
            -4.991675230874833,
            0.0,
            1.0
        ],
        [
            0.9994520036648369,
            0.033101244241611545,
            0.0,
            0.0,
            -0.033101244241611545,
            0.9994520036648369,
            0.0,
            0.0,
            0.0,
            0.0,
            1.0,
            0.0,
            0.16550622120805802,
            -4.997260018324185,
            0.0,
            1.0
        ],
        [
            0.9999609536177037,
            0.008836924802931101,
            0.0,
            0.0,
            -0.008836924802931101,
            0.9999609536177037,
            0.0,
            0.0,
            0.0,
            0.0,
            1.0,
            0.0,
            0.04418462401465581,
            -4.999804768088518,
            0.0,
            1.0
        ],
        [
            0.9998858546392125,
            -0.015108861386999633,
            0.0,
            0.0,
            0.015108861386999633,
            0.9998858546392125,
            0.0,
            0.0,
            0.0,
            0.0,
            1.0,
            0.0,
            -0.07554430693499786,
            -4.999429273196062,
            0.0,
            1.0
