var JSONObj = {
    "name": "unnamed",
    "lights": [],
    "cameras": [
        {
            "fov": 45,
            "name": "unnamed",
            "far": 1000,
            "simulation_matrix": [
                [
                    1.0,
                    0.0,
                    0.0,
                    0.0,
                    0.0,
                    1.0,
                    0.0,
                    0.0,
                    0.0,
                    0.0,
                    1.0,
                    0.0,
                    0.0,
                    0.0,
                    10.0,
                    1.0
                ],
                [
                    1.0,
                    0.0,
                    0.0,
                    0.0,
                    0.0,
                    1.0,
                    0.0,
                    0.0,
                    0.0,
                    0.0,
                    1.0,
                    0.0,
                    0.0,
                    0.0,
                    10.0,
                    1.0
                ],
                [
                    1.0,
                    0.0,
                    0.0,
                    0.0,
                    0.0,
                    1.0,
                    0.0,
                    0.0,
                    0.0,
                    0.0,
                    1.0,
                    0.0,
                    0.0,
                    0.0,
                    10.0,
                    1.0
                ],
                [
                    1.0,
                    0.0,
                    0.0,
                    0.0,
                    0.0,
                    1.0,
                    0.0,
                    0.0,
                    0.0,
                    0.0,
                    1.0,
                    0.0,
                    0.0,
                    0.0,
                    10.0,
                    1.0
                ],
                [
                    1.0,
                    0.0,
                    0.0,
                    0.0,
                    0.0,
                    1.0,
                    0.0,
                    0.0,
                    0.0,
                    0.0,
                    1.0,
                    0.0,
                    0.0,
                    0.0,
                    10.0,
                    1.0
                ],
                [
                    1.0,
                    0.0,
                    0.0,
                    0.0,
                    0.0,
                    1.0,
                    0.0,
                    0.0,
                    0.0,
                    0.0,
                    1.0,
                    0.0,
                    0.0,
                    0.0,
                    10.0,
                    1.0
                ],
                [
                    1.0,
                    0.0,
                    0.0,
                    0.0,
                    0.0,
                    1.0,
                    0.0,
                    0.0,
                    0.0,
                    0.0,
                    1.0,
                    0.0,
                    0.0,
                    0.0,
                    10.0,
                    1.0
                ],
                [
                    1.0,
                    0.0,
                    0.0,
                    0.0,
                    0.0,
                    1.0,
                    0.0,
                    0.0,
                    0.0,
                    0.0,
                    1.0,
                    0.0,
                    0.0,
                    0.0,
                    10.0,
                    1.0
                ],
                [
                    1.0,
                    0.0,
                    0.0,
                    0.0,
                    0.0,
                    1.0,
                    0.0,
                    0.0,
                    0.0,
                    0.0,
                    1.0,
                    0.0,
                    0.0,
                    0.0,
                    10.0,
                    1.0
                ],
                [
                    1.0,
                    0.0,
                    0.0,
                    0.0,
                    0.0,
                    1.0,
                    0.0,
                    0.0,
                    0.0,
                    0.0,
                    1.0,
                    0.0,
                    0.0,
                    0.0,
                    10.0,
                    1.0
                ]
            ],
            "near": 1,
            "type": "PerspectiveCamera"
        }
    ],
    "height": 800,
    "width": 800,
    "frames": [
        {
            "shape": {
                "color": "red",
                "radius": 1.0,
                "length": 10.0,
                "type": "Cylinder",
                "name": "shape1"
            },
            "name": "frame1",
            "simulation_matrix": [
                [
                    0.984807753012208,
                    0.17101007166283433,
                    0.030153689607045803,
                    0.0,
                    -0.17364817766693033,
                    0.9698463103929541,
                    0.17101007166283433,
                    0.0,
                    0.0,
                    -0.17364817766693033,
                    0.984807753012208,
                    0.0,
                    1.7364817766693033,
                    -9.69846310392954,
                    -1.7101007166283433,
                    1.0
                ],
                [
                    0.9867493293142017,
                    0.16017386260012703,
                    0.025886190096821846,
                    0.0,
                    -0.16225215283001077,
                    0.9741100425331716,
                    0.15742891709609613,
                    0.0,
                    0.0,
                    -0.15954296843101018,
                    0.9871909851818045,
                    0.0,
                    1.6225215283001075,
                    -9.741100425331716,
                    -1.5742891709609614,
                    1.0
                ],
                [
                    0.9999830393319037,
                    0.005824109620359885,
                    2.820741674643618e-05,
                    0.0,
                    -0.005824177927255319,
                    0.999971311369991,
                    0.004843076341779206,
                    0.0,
                    0.0,
                    -0.004843158484982808,
                    0.9999882718391698,
                    0.0,
                    0.058241779272553196,
                    -9.99971311369991,
                    -0.04843076341779206,
                    1.0
                ],
                [
                    0.9415198194784576,
                    -0.31925645349635484,
                    0.10777637231871544,
                    0.0,
                    0.3369576079112216,
                    0.8920596282913317,
                    -0.301146459456987,
                    0.0,
                    0.0,
                    0.3198514287503826,
                    0.9474677110732265,
                    0.0,
                    -3.369576079112216,
                    -8.920596282913316,
                    3.01146459456987,
                    1.0
                ],
                [
                    0.920942783806445,
                    -0.3601507801335185,
                    0.1488482600639105,
                    0.0,
                    0.3896978174879037,
                    0.8511165502139892,
                    -0.3517616081908348,
                    0.0,
                    0.0,
                    0.3819581567672772,
                    0.9241796180824072,
                    0.0,
                    -3.8969781748790373,
                    -8.511165502139892,
                    3.517616081908348,
                    1.0
                ],
                [
                    0.9870211198692411,
                    0.15904902899556284,
                    0.022197191435802826,
                    0.0,
                    -0.16059050075290587,
                    0.9775469282262338,
                    0.13642834816630078,
                    0.0,
                    0.0,
                    -0.13822231907699664,
                    0.990401227033255,
                    0.0,
                    1.6059050075290586,
                    -9.775469282262339,
                    -1.364283481663008,
                    1.0
                ],
                [
                    0.798141118823141,
                    0.4736714282140894,
                    0.37229844552102204,
                    0.0,
                    -0.6024705423867167,
                    0.6275105869436511,
                    0.49321365434250686,
                    0.0,
                    0.0,
                    -0.6179529442985601,
                    0.7862150842058049,
                    0.0,
                    6.024705423867167,
                    -6.275105869436511,
                    -4.932136543425068,
                    1.0
                ],
                [
                    0.9626989864914837,
                    0.24487584574223056,
                    0.11509336027893827,
                    0.0,
                    -0.2705746873014366,
                    0.8712630544396036,
                    0.4094997296217693,
                    0.0,
                    0.0,
                    -0.42536632464335916,
                    0.9050212648658595,
                    0.0,
                    2.7057468730143657,
                    -8.712630544396037,
                    -4.094997296217692,
                    1.0
                ],
                [
                    0.9101806733354495,
                    -0.3352836793984508,
                    0.24322005718210146,
                    0.0,
                    0.4142114700085306,
                    0.7367461964947133,
                    -0.5344472846445621,
                    0.0,
                    0.0,
                    0.5871881268210473,
                    0.8094504949163907,
                    0.0,
                    -4.142114700085306,
                    -7.367461964947133,
                    5.344472846445621,
                    1.0
                ],
                [
                    0.923811041616881,
                    -0.19660368891895244,
                    0.328512022443918,
                    0.0,
                    0.38284874217729054,
                    0.4744031745096644,
                    -0.7926969588868242,
                    0.0,
                    0.0,
                    0.8580726178585427,
                    0.5135283658001643,
                    0.0,
                    -3.8284874217729055,
                    -4.7440317450966445,
                    7.926969588868243,
                    1.0
                ]
            ]
        },
        {
            "shape": {
                "color": "blue",
                "radius": 1.0,
                "length": 10.0,
                "type": "Cylinder",
                "name": "shape2"
            },
            "name": "frame2",
            "simulation_matrix": [
                [
                    0.9401507230860118,
                    0.3290293982087693,
                    0.08863561922401245,
                    0.0,
                    -0.33942211607956685,
                    0.8812106911689417,
                    0.3290293982087693,
                    0.0,
                    0.030153689607045803,
                    -0.33942211607956685,
                    0.9401507230860118,
                    0.0,
                    5.130702937464972,
                    -18.51057001561896,
                    -5.000394698716036,
                    1.0
                ],
                [
                    0.9808787543233397,
                    0.19193469232250318,
                    0.03221712588297174,
                    0.0,
                    -0.19453244420935456,
                    0.9619521355467978,
                    0.19184685837117407,
                    0.0,
                    0.00583073469020546,
                    -0.1944457837033784,
                    0.9808959372598867,
                    0.0,
                    3.567845970393653,
                    -19.360621780799693,
                    -3.492757754672702,
                    1.0
                ],
                [
                    0.9868685896026076,
                    -0.15926403256772123,
                    0.026932411441013236,
                    0.0,
                    0.16152230643642826,
                    0.9740324829063097,
                    -0.1586545516738361,
                    0.0,
                    -0.0009650799017453842,
                    0.16092137885823993,
                    0.9869667565055806,
                    0.0,
                    -1.5569812850917295,
                    -19.740037942763006,
                    1.538114753320569,
                    1.0
                ],
                [
                    0.9246937286136913,
                    -0.35975493182534307,
                    0.1245708524890633,
                    0.0,
                    0.38011912962020394,
                    0.8541809011306475,
                    -0.3548019665114803,
                    0.0,
                    0.021235714240114195,
                    0.3754349173571602,
                    0.9266054539391264,
                    0.0,
                    -7.170767375314256,
                    -17.462405294219792,
                    6.559484259684673,
                    1.0
                ],
                [
                    0.9792322532910179,
                    -0.17091092425963203,
                    0.10905801246728282,
                    0.0,
                    0.1906879997428844,
                    0.9591240877440372,
                    -0.20909105926181037,
                    0.0,
                    -0.06886422052599897,
                    0.22554476335726906,
                    0.9717959039085625,
                    0.0,
                    -5.803858172307882,
                    -18.102406379580266,
                    5.608526674526452,
                    1.0
                ],
                [
                    0.9781145033731705,
                    0.20547163615241354,
                    0.03276316571862492,
                    0.0,
                    -0.2076337870589789,
                    0.9537396176950002,
                    0.21741424081817015,
                    0.0,
                    0.013424930636785003,
                    -0.21945876235831843,
                    0.975529406456593,
                    0.0,
                    3.6822428781188474,
                    -19.31286545921234,
                    -3.5384258898447096,
                    1.0
                ],
                [
                    0.9173964255715068,
                    0.2768712491952872,
                    0.2858777880802634,
                    0.0,
                    -0.37525403336175345,
                    0.8410360914695644,
                    0.3896699928033138,
                    0.0,
                    -0.13254511984361703,
                    -0.46475865157589036,
                    0.8754605570732479,
                    0.0,
                    9.777245757484701,
                    -14.685466784132156,
                    -8.828836471458207,
                    1.0
                ],
                [
                    0.9935559910325796,
                    0.07707552476021429,
                    0.08310148113124317,
                    0.0,
                    -0.09187293528323043,
                    0.9770386280105137,
                    0.19223652914515624,
                    0.0,
                    -0.06637662574816626,
                    -0.19863253222539035,
                    0.9778237370283139,
                    0.0,
                    3.62447622584667,
                    -18.48301682450117,
                    -6.017362587669255,
                    1.0
                ],
                [
                    0.9716080250051375,
                    -0.16497450956306317,
                    0.1695914412346416,
                    0.0,
                    0.22039663689201697,
                    0.8917711848893979,
                    -0.3951828390095499,
                    0.0,
                    -0.0860416654435776,
                    0.421340201019777,
                    0.9028118667874881,
                    0.0,
                    -6.346081069005475,
                    -16.285173813841112,
                    9.29630123654112,
                    1.0
                ],
                [
                    0.9816023331178942,
                    -0.00043160935627083175,
                    0.19093630700018888,
                    0.0,
                    0.11437145433180784,
                    0.8020748693459765,
                    -0.5861698340904811,
                    0.0,
                    -0.15289221710582257,
                    0.5972233398629012,
                    0.7873679268750204,
                    0.0,
                    -4.972201965090984,
                    -12.76478043855641,
                    13.788667929773053,
                    1.0
                ]
            ]
        },
        {
            "shape": {
                "color": "green",
                "radius": 1.0,
                "length": 10.0,
                "type": "Cylinder",
                "name": "shape3"
            },
            "name": "frame3",
            "simulation_matrix": [
                [
                    0.8687323656973382,
                    0.4644917766377637,
                    0.17190539905948155,
                    0.0,
                    -0.48728616212106995,
                    0.7394589817165058,
                    0.46449177663776364,
                    0.0,
                    0.08863561922401242,
                    -0.4872861621210699,
                    0.8687323656973382,
                    0.0,
                    10.00356455867567,
                    -25.90515983278402,
                    -9.645312465093673,
                    1.0
                ],
                [
                    0.975761010619437,
                    0.21556611928662867,
                    0.03770541566722121,
                    0.0,
                    -0.21852157705378386,
                    0.9505000862681804,
                    0.220902481575262,
                    0.0,
                    0.01178008984949386,
                    -0.22378747556528883,
                    0.9745667731167799,
                    0.0,
                    5.753061740931491,
                    -28.865622643481494,
                    -5.701782570425322,
                    1.0
                ],
                [
                    0.9499164803157448,
                    -0.30323594850250746,
                    0.0755423057652579,
                    0.0,
                    0.3115193947848182,
                    0.8996681262485201,
                    -0.3058642334196293,
                    0.0,
                    0.0247860262536713,
                    0.31407836943709055,
                    0.9490734590927569,
                    0.0,
                    -4.67217523293991,
                    -28.736719205248207,
                    4.596757087516862,
                    1.0
                ],
                [
                    0.9102847819406875,
                    -0.3899007246658691,
                    0.13913676966289468,
                    0.0,
                    0.4119726652461185,
                    0.8200910257037421,
                    -0.3971513976435105,
                    0.0,
                    0.040744801597318865,
                    0.4188414192331202,
                    0.9071448212262367,
                    0.0,
                    -11.290494027775441,
                    -25.663315551257213,
                    10.530998236119778,
                    1.0
                ],
                [
                    0.9951910349122854,
                    -0.0033847064860288434,
                    0.09789457488654776,
                    0.0,
                    0.010740647021848349,
                    0.9971472741840064,
                    -0.07471246274188859,
                    0.0,
                    -0.09736242874829354,
                    0.07540462419115586,
                    0.9923883816927846,
                    0.0,
                    -5.911264642526365,
                    -28.073879121420326,
                    6.355651301945337,
                    1.0
                ],
                [
                    0.9638831987895937,
                    0.26133233428374497,
                    0.05132825877574125,
                    0.0,
                    -0.2642999882845598,
                    0.9148966685857309,
                    0.30513866028989595,
                    0.0,
                    0.03278254541554119,
                    -0.3076840861476913,
                    0.9509236603679277,
                    0.0,
                    6.3252427609644455,
                    -28.46183214506965,
                    -6.589812492743668,
                    1.0
                ],
                [
                    0.9724012590146549,
                    0.03969373993707859,
                    0.2299134586676509,
                    0.0,
                    -0.09949259620902012,
                    0.9618800811158932,
                    0.25473109910663005,
                    0.0,
                    -0.2110379462710508,
                    -0.27057552838771365,
                    0.9392826351377985,
                    0.0,
                    10.772171719574901,
                    -24.30426759529109,
                    -11.376147462524507,
                    1.0
                ],
                [
                    0.9838596776663975,
                    -0.14539625499317882,
                    0.10430754381218538,
                    0.0,
                    0.15435549826125158,
                    0.9844670944325673,
                    -0.08365954898288336,
                    0.0,
                    -0.09052355946765026,
                    0.098409699793553,
                    0.9910201895863927,
                    0.0,
                    2.0809212432341537,
                    -28.327687768826845,
                    -5.1807670978404206,
                    1.0
                ],
                [
                    0.9886547362148475,
                    0.06409329540557585,
                    0.13584499270861672,
                    0.0,
                    -0.041623472583229404,
                    0.9858762890616997,
                    -0.16222031067670034,
                    0.0,
                    -0.14432359159217079,
                    0.15472553813118756,
                    0.9773590480268501,
                    0.0,
                    -5.929846343173182,
                    -26.143936704458106,
                    10.918504343308125,
                    1.0
                ],
                [
                    0.9614720423422424,
                    0.2313338028293217,
                    0.14851324339183286,
                    0.0,
                    -0.20021290540585224,
                    0.9594646265412512,
                    -0.19834924483094044,
                    0.0,
                    -0.18837808870244058,
                    0.16097298557392048,
                    0.9688144268187969,
                    0.0,
                    -2.9700729110324615,
                    -22.35942670396893,
                    15.772160378082459,
                    1.0
                ]
            ]
        }
    ]
};
